-5.52
-7.93
5.75
20.31
28.33
7.49
20.22
1.8900000000000001
9.13
17.07
-1.99
16.1
-8.27
5.2
13.37
16.44
-5.39
25.07
11.51
12.66
2.46
16.71
6.76
12.31
24.76
4.14
28.33
12.76
-5.03
8.58
-4.45
13.15
19.29
-6.0
9.11
-3.51
-2.93
4.6899999999999995
13.77
2.46
17.04
25.4
18.59
21.32
-5.74
8.46
13.38
10.73
13.27
7.05
1.24
9.46
-2.65
24.1
-2.32
27.66
26.24
30.14
-7.87
3.54
13.29
15.89
29.75
-8.74
24.32
-5.41
23.49
10.26
10.72
2.59
15.5
19.3
-7.23
15.51
0.3
8.26
28.06
-3.66
23.64
24.37
2.16
9.51
7.17
26.78
5.67
23.24
5.31
11.21
23.72
23.08
18.27
5.23
-2.77
1.88
8.31
24.99
9.36
-5.58
20.86
20.72
